Classification Report - Vegetable Dataset
======================================================================
              precision    recall  f1-score   support

           0       1.00      1.00      1.00        10
           1       1.00      1.00      1.00        10
           2       1.00      1.00      1.00        10
           3       1.00      1.00      1.00        10
           4       1.00      1.00      1.00        10
           5       1.00      1.00      1.00        10
           6       1.00      1.00      1.00        10
           7       1.00      1.00      1.00        10
           8       1.00      1.00      1.00        10
           9       1.00      1.00      1.00        10

    accuracy                           1.00       100
   macro avg       1.00      1.00      1.00       100
weighted avg       1.00      1.00      1.00       100

