Classification Report - Vegetable Dataset (CNN TL)
======================================================================
              precision    recall  f1-score   support

           0       0.99      1.00      0.99       200
           1       0.99      0.99      0.99       200
           2       1.00      1.00      1.00       200
           3       0.99      0.99      0.99       200
           4       1.00      1.00      1.00       200
           5       1.00      1.00      1.00       200
           6       1.00      1.00      1.00       200
           7       1.00      0.99      0.99       200
           8       1.00      1.00      1.00       200
           9       1.00      0.98      0.99       200

    accuracy                           1.00      2000
   macro avg       1.00      1.00      1.00      2000
weighted avg       1.00      1.00      1.00      2000


Config:
{
  "lr": 0.001,
  "weight_decay": 0.0,
  "epochs": 1
}
